[slide4.jpg]
moddate=908e24fc03c1d301
width=1920
height=615
text=1;146;21;Exotically &#010;     Wild;AR BONNIE;0.249269,0.036631,0.200000,0.000000;v1,4294967295,4293454056,128.000000,1.000000,0.000000,1.000000,400,0,49152;;
textactive=1
[slide2.jpg]
moddate=b62070ff03c1d301
width=1920
height=615
text=1;143;17;Delicious Cuisine;AR BONNIE;0.382926,-0.022826,0.200000,0.000000;v1,4294967295,4293454056,128.000000,1.000000,0.000000,1.000000,400,0,49152;;
textactive=1
[slide1.jpg]
moddate=a00b640204c1d301
width=1920
height=615
text=1;160;35;Absolutely &#010;              Thrilling;AR BONNIE;0.407409,0.053060,0.200000,0.000000;v1,4294967295,4293454056,128.000000,1.000000,0.000000,1.000000,400,0,49152;;
textactive=1
[slide3.jpg]
moddate=7a87070504c1d301
width=1920
height=615
text=1;145;20;Culturally Colourful;AR BONNIE;0.060577,0.784553,0.200000,0.000000;v1,4294967295,4293454056,128.000000,1.000000,0.000000,1.000000,400,0,49152;;
textactive=1
